Time	Temp1	Temp2	Temp3	Temp4	Temp5	Temp6	Temp7	Temp8
3/27/24	11:35	-0.001	19.408	1	1	0	0	0
3/27/24	11:35	0.005	19.391	1	1	0.08	0.08	0
3/27/24	11:35	-0.004	19.375	1	1	0.17	0.17	0
3/27/24	11:35	-0.002	19.375	1	1	0.25	0.25	0
3/27/24	11:36	0.003	19.359	1	1	0.33	0.33	0
3/27/24	11:36	-0.002	19.359	1	1	0.42	0.42	0
3/27/24	11:36	-0.003	19.342	1	1	0.5	0.5	0
3/27/24	11:36	0.005	19.342	1	1	0.58	0.58	0
3/27/24	11:36	-0.004	19.342	1	1	0.67	0.67	0
3/27/24	11:36	-0.003	19.342	1	1	0.75	0.75	0
3/27/24	11:36	-0.002	19.342	1	1	0.83	0.83	0
3/27/24	11:36	-0.002	19.342	1	1	0.92	0.92	0
3/27/24	11:36	-0.001	19.342	1	1	1	1	0
3/27/24	11:36	0.003	19.359	1	1	1.08	1.08	0
3/27/24	11:36	0.004	19.359	1	1	1.17	1.17	0
3/27/24	11:36	-0.005	19.375	1	1	1.25	1.25	0
3/27/24	11:37	0.006	19.375	1	1	1.33	1.33	0
3/27/24	11:37	0.006	19.375	1	1	1.42	1.42	0
3/27/24	11:37	-0.003	19.375	1	1	1.5	1.5	0
3/27/24	11:37	0.003	19.391	1	1	1.58	1.58	0
3/27/24	11:37	0.001	19.391	1	1	1.67	1.67	0
3/27/24	11:37	0.002	19.408	1	1	1.75	1.75	0
3/27/24	11:37	0.006	19.408	1	1	1.83	1.83	0
3/27/24	11:37	0.006	19.408	1	1	1.92	1.92	0
3/27/24	11:37	-0.002	19.408	1	1	2	2	0
3/27/24	11:37	-0.002	19.408	1	1	2.08	2.08	0
3/27/24	11:37	0.006	19.391	1	1	2.17	2.17	0
3/27/24	11:37	0.003	19.391	1	1	2.25	2.25	0
3/27/24	11:38	0.002	19.359	1	1	2.33	2.33	0
3/27/24	11:38	-0.004	19.359	1	1	2.42	2.42	0
3/27/24	11:38	-0.005	19.342	1	1	2.5	2.5	0
3/27/24	11:38	0.005	19.342	1	1	2.58	2.58	0
3/27/24	11:38	0.001	19.342	1	1	2.67	2.67	0
3/27/24	11:38	0.002	19.342	1	1	2.75	2.75	0
3/27/24	11:38	0.005	19.342	1	1	2.83	2.83	0
3/27/24	11:38	-0.005	19.342	1	1	2.92	2.92	0
3/27/24	11:38	0.006	19.342	1	1	3	3	0
3/27/24	11:38	0.001	19.342	1	1	3.08	3.08	0
3/27/24	11:38	0.005	19.359	1	1	3.17	3.17	0
3/27/24	11:38	-0.006	19.359	1	1	3.25	3.25	0
3/27/24	11:39	-0.002	19.375	1	1	3.33	3.33	0
3/27/24	11:39	0.001	19.375	1	1	3.42	3.42	0
3/27/24	11:39	0.002	19.391	1	1	3.5	3.5	0
3/27/24	11:39	-0.003	19.391	1	1	3.58	3.58	0
3/27/24	11:39	-0.004	19.408	1	1	3.67	3.67	0
3/27/24	11:39	0.002	19.408	1	1	3.75	3.75	0
3/27/24	11:39	0.002	19.408	1	1	3.83	3.83	0
3/27/24	11:39	-0.001	19.408	1	1	3.92	3.92	0
3/27/24	11:39	0.003	19.424	1	1	4	4	0
3/27/24	11:39	0.006	19.408	1	1	4.08	4.08	0
3/27/24	11:39	-0.005	19.408	1	1	4.17	4.17	0
3/27/24	11:39	0	19.391	1	1	4.25	4.25	0
3/27/24	11:40	0.006	19.391	1	1	4.33	4.33	0
3/27/24	11:40	0.006	19.391	1	1	4.42	4.42	0
3/27/24	11:40	0.003	19.375	1	1	4.5	4.5	0
3/27/24	11:40	-0.001	19.359	1	1	4.58	4.58	0
3/27/24	11:40	0.002	19.359	1	1	4.67	4.67	0
3/27/24	11:40	0.001	19.359	1	1	4.75	4.75	0
3/27/24	11:40	-0.001	19.359	1	1	4.83	4.83	0
3/27/24	11:40	0	19.359	1	1	4.92	4.92	0
3/27/24	11:40	0	19.359	1	1	5	5	0
3/27/24	11:40	0.002	19.359	1	1	5.08	5.08	0
3/27/24	11:40	0.005	19.375	1	1	5.17	5.17	0
3/27/24	11:40	-0.005	19.375	1	1	5.25	5.25	0
3/27/24	11:41	0.006	19.391	1	1	5.33	5.33	0
3/27/24	11:41	0.006	19.391	1	1	5.42	5.42	0
3/27/24	11:41	-0.004	19.391	1	1	5.5	5.5	0
3/27/24	11:41	0	19.408	1	1	5.58	5.58	0
3/27/24	11:41	-0.001	19.408	1	1	5.67	5.67	0
3/27/24	11:41	0.004	19.424	1	1	5.75	5.75	0
3/27/24	11:41	0.006	19.424	1	1	5.83	5.83	0
3/27/24	11:41	-0.005	19.424	1	1	5.92	5.92	0
3/27/24	11:41	-0.006	19.44	1	1	6	6	0
3/27/24	11:41	0.006	19.44	1	1	6.08	6.08	0
3/27/24	11:41	-0.005	19.44	1	1	6.17	6.17	0
3/27/24	11:41	-0.004	19.424	1	1	6.25	6.25	0
3/27/24	11:42	0.005	19.424	1	1	6.33	6.33	0
3/27/24	11:42	-0.005	19.408	1	1	6.42	6.42	0
3/27/24	11:42	-0.004	19.391	1	1	6.5	6.5	0
3/27/24	11:42	0.004	19.375	1	1	6.58	6.58	0
3/27/24	11:42	-0.003	19.375	1	1	6.67	6.67	0
3/27/24	11:42	-0.001	19.375	1	1	6.75	6.75	0
3/27/24	11:42	0.002	19.375	1	1	6.83	6.83	0
3/27/24	11:42	-0.003	19.375	1	1	6.92	6.92	0
3/27/24	11:42	0.006	19.375	1	1	7	7	0
3/27/24	11:42	-0.005	19.375	1	1	7.08	7.08	0
3/27/24	11:42	-0.001	19.375	1	1	7.17	7.17	0
3/27/24	11:42	-0.003	19.391	1	1	7.25	7.25	0
3/27/24	11:43	0.006	19.391	1	1	7.33	7.33	0
3/27/24	11:43	0.006	19.408	1	1	7.42	7.42	0
3/27/24	11:43	0.005	19.408	1	1	7.5	7.5	0
3/27/24	11:43	-0.003	19.408	1	1	7.58	7.58	0
3/27/24	11:43	0.002	19.424	1	1	7.67	7.67	0
3/27/24	11:43	0.001	19.424	1	1	7.75	7.75	0
3/27/24	11:43	0.005	19.44	1	1	7.83	7.83	0
3/27/24	11:43	0.006	19.44	1	1	7.92	7.92	0
3/27/24	11:43	-0.005	19.457	1	1	8	8	0
3/27/24	11:43	0.004	19.44	1	1	8.08	8.08	0
3/27/24	11:43	-0.002	19.44	1	1	8.17	8.17	0
3/27/24	11:43	-0.002	19.424	1	1	8.25	8.25	0
3/27/24	11:44	0.005	19.424	1	1	8.33	8.33	0
3/27/24	11:44	-0.005	19.408	1	1	8.42	8.42	0
3/27/24	11:44	-0.005	19.391	1	1	8.5	8.5	0
3/27/24	11:44	0.006	19.391	1	1	8.58	8.58	0
3/27/24	11:44	0.006	19.375	1	1	8.67	8.67	0
3/27/24	11:44	-0.005	19.375	1	1	8.75	8.75	0
3/27/24	11:44	0.006	19.359	1	1	8.83	8.83	0
3/27/24	11:44	-0.006	19.375	1	1	8.92	8.92	0
3/27/24	11:44	-0.005	19.359	1	1	9	9	0
3/27/24	11:44	0.005	19.375	1	1	9.08	9.08	0
3/27/24	11:44	0.001	19.375	1	1	9.17	9.17	0
3/27/24	11:44	-0.003	19.375	1	1	9.25	9.25	0
3/27/24	11:45	0.006	19.391	1	1	9.33	9.33	0
3/27/24	11:45	-0.005	19.391	1	1	9.42	9.42	0
3/27/24	11:45	-0.005	19.391	1	1	9.5	9.5	0
3/27/24	11:45	0.005	19.408	1	1	9.58	9.58	0
3/27/24	11:45	-0.005	19.408	1	1	9.67	9.67	0
3/27/24	11:45	-0.005	19.424	1	1	9.75	9.75	0
3/27/24	11:45	0.006	19.424	1	1	9.83	9.83	0
3/27/24	11:45	-0.003	19.44	1	1	9.92	9.92	0
3/27/24	11:45	0.006	19.44	1	1	10	10	0
3/27/24	11:45	0.006	19.44	1	2	10	10	0
3/27/24	12:06	-0.001	19.408	1	2	10	10	0
3/27/24	12:06	-0.001	19.408	1	3	10	0	0
3/27/24	12:06	0.005	19.408	1	3	10.01	0	0
3/27/24	12:06	0.005	19.408	1	5	10.01	0	0
3/27/24	12:06	0.004	19.391	1	5	10.02	0.02	0.001
3/27/24	12:06	0.005	19.391	1	5	10.04	0.03	0.001
3/27/24	12:06	0.006	19.391	1	5	10.06	0.05	0.002
3/27/24	12:06	0.001	19.391	1	5	10.07	0.07	0.003
3/27/24	12:06	-0.005	19.391	1	5	10.09	0.08	0.003
3/27/24	12:06	-0.005	19.391	1	5	10.11	0.1	0.004
3/27/24	12:06	0.001	19.375	1	5	10.12	0.12	0.004
3/27/24	12:06	-0.006	19.375	1	5	10.14	0.13	0.005
3/27/24	12:06	0.004	19.375	1	5	10.16	0.15	0.006
3/27/24	12:06	0.003	19.375	1	5	10.17	0.17	0.006
3/27/24	12:06	0.006	19.359	1	5	10.19	0.18	0.007
3/27/24	12:07	0.002	19.359	1	5	10.21	0.2	0.008
3/27/24	12:07	-0.002	19.359	1	5	10.22	0.22	0.008
3/27/24	12:07	-0.006	19.359	1	5	10.24	0.23	0.009
3/27/24	12:07	-0.002	19.342	1	5	10.26	0.25	0.01
3/27/24	12:07	0.001	19.342	1	5	10.27	0.27	0.01
3/27/24	12:07	0.006	19.342	1	5	10.29	0.28	0.011
3/27/24	12:07	0.003	19.342	1	5	10.31	0.3	0.011
3/27/24	12:07	0.006	19.326	1	5	10.32	0.32	0.012
3/27/24	12:07	0.005	19.326	1	5	10.34	0.33	0.013
3/27/24	12:07	-0.002	19.326	1	5	10.36	0.35	0.013
3/27/24	12:07	-0.005	19.31	1	5	10.37	0.37	0.014
3/27/24	12:07	0.001	19.31	1	5	10.39	0.38	0.015
3/27/24	12:07	-0.005	19.31	1	5	10.41	0.4	0.015
3/27/24	12:07	0.005	19.31	1	5	10.42	0.42	0.016
3/27/24	12:07	0.003	19.31	1	5	10.44	0.43	0.016
3/27/24	12:07	0.006	19.31	1	5	10.46	0.45	0.017
3/27/24	12:07	0	19.31	1	5	10.47	0.47	0.018
3/27/24	12:07	-0.005	19.293	1	5	10.49	0.48	0.018
3/27/24	12:07	-0.004	19.293	1	5	10.51	0.5	0.019
3/27/24	12:07	0.004	19.293	1	5	10.52	0.52	0.02
3/27/24	12:07	-0.005	19.277	1	5	10.54	0.53	0.02
3/27/24	12:07	0.001	19.277	1	5	10.56	0.55	0.021
3/27/24	12:07	0.006	19.277	1	5	10.57	0.57	0.022
3/27/24	12:07	0.002	19.277	1	5	10.59	0.58	0.022
3/27/24	12:07	-0.005	19.277	1	5	10.61	0.6	0.023
3/27/24	12:07	-0.005	19.277	1	5	10.62	0.62	0.023
3/27/24	12:07	0.003	19.277	1	5	10.64	0.63	0.024
3/27/24	12:07	0.006	19.277	1	5	10.66	0.65	0.025
3/27/24	12:07	0.002	19.277	1	5	10.67	0.67	0.025
3/27/24	12:07	-0.005	19.26	1	5	10.69	0.68	0.026
3/27/24	12:07	0.002	19.26	1	5	10.71	0.7	0.027
3/27/24	12:07	-0.005	19.26	1	5	10.72	0.72	0.027
3/27/24	12:07	-0.004	19.26	1	5	10.74	0.73	0.028
3/27/24	12:07	0.004	19.26	1	5	10.76	0.75	0.029
3/27/24	12:07	0.006	19.26	1	5	10.77	0.77	0.029
3/27/24	12:07	0.003	19.26	1	5	10.79	0.78	0.03
3/27/24	12:07	-0.006	19.26	1	5	10.81	0.8	0.03
3/27/24	12:07	0.001	19.26	1	5	10.82	0.82	0.031
3/27/24	12:07	-0.005	19.244	1	5	10.84	0.83	0.032
3/27/24	12:07	-0.003	19.244	1	5	10.86	0.85	0.032
3/27/24	12:07	0.004	19.244	1	5	10.87	0.87	0.033
3/27/24	12:07	0.006	19.244	1	5	10.89	0.88	0.034
3/27/24	12:07	0	19.244	1	5	10.91	0.9	0.034
3/27/24	12:07	-0.005	19.244	1	5	10.92	0.92	0.035
3/27/24	12:07	-0.002	19.244	1	5	10.94	0.93	0.035
3/27/24	12:07	-0.005	19.244	1	5	10.96	0.95	0.036
3/27/24	12:07	-0.004	19.244	1	5	10.97	0.97	0.037
3/27/24	12:07	0.004	19.244	1	5	10.99	0.98	0.037
3/27/24	12:07	0.006	19.244	1	5	11.01	1	0.038
3/27/24	12:07	0	19.244	1	5	11.02	1.02	0.039
3/27/24	12:07	0.006	19.244	1	5	11.04	1.03	0.039
3/27/24	12:07	-0.002	19.244	1	5	11.06	1.05	0.04
3/27/24	12:07	-0.005	19.244	1	5	11.07	1.07	0.041
3/27/24	12:07	-0.004	19.244	1	5	11.09	1.08	0.041
3/27/24	12:07	-0.002	19.244	1	5	11.11	1.1	0.042
3/27/24	12:07	0.006	19.228	1	5	11.12	1.12	0.042
3/27/24	12:07	-0.001	19.244	1	5	11.14	1.13	0.043
3/27/24	12:07	-0.005	19.244	1	5	11.16	1.15	0.044
3/27/24	12:07	-0.002	19.228	1	5	11.17	1.17	0.044
3/27/24	12:07	0.005	19.244	1	5	11.19	1.18	0.045
3/27/24	12:08	-0.003	19.228	1	5	11.21	1.2	0.046
3/27/24	12:08	-0.003	19.228	1	5	11.22	1.22	0.046
3/27/24	12:08	0.005	19.228	1	5	11.24	1.23	0.047
3/27/24	12:08	-0.002	19.228	1	5	11.26	1.25	0.048
3/27/24	12:08	-0.005	19.244	1	5	11.27	1.27	0.048
3/27/24	12:08	0	19.244	1	5	11.29	1.28	0.049
3/27/24	12:08	0.006	19.244	1	5	11.31	1.3	0.049
3/27/24	12:08	0.004	19.244	1	5	11.32	1.32	0.05
3/27/24	12:08	0.006	19.228	1	5	11.34	1.33	0.051
3/27/24	12:08	-0.005	19.228	1	5	11.36	1.35	0.051
3/27/24	12:08	0.002	19.244	1	5	11.37	1.37	0.052
3/27/24	12:08	-0.005	19.228	1	5	11.39	1.38	0.053
3/27/24	12:08	0.002	19.228	1	5	11.41	1.4	0.053
3/27/24	12:08	0.006	19.228	1	5	11.42	1.42	0.054
3/27/24	12:08	0.003	19.228	1	5	11.44	1.43	0.054
3/27/24	12:08	0.006	19.228	1	5	11.46	1.45	0.055
3/27/24	12:08	-0.004	19.228	1	5	11.47	1.47	0.056
3/27/24	12:08	0.003	19.228	1	5	11.49	1.48	0.056
3/27/24	12:08	-0.005	19.228	1	5	11.51	1.5	0.057
3/27/24	12:08	0.002	19.228	1	5	11.52	1.52	0.058
3/27/24	12:08	0.006	19.228	1	5	11.54	1.53	0.058
3/27/24	12:08	0.002	19.228	1	5	11.56	1.55	0.059
3/27/24	12:08	-0.005	19.228	1	5	11.57	1.57	0.06
3/27/24	12:08	-0.004	19.228	1	5	11.59	1.58	0.06
3/27/24	12:08	-0.004	19.228	1	5	11.61	1.6	0.061
3/27/24	12:08	0.006	19.228	1	5	11.62	1.62	0.061
3/27/24	12:08	0.002	19.228	1	5	11.64	1.63	0.062
3/27/24	12:08	0.006	19.228	1	5	11.66	1.65	0.063
3/27/24	12:08	0.002	19.228	1	5	11.67	1.67	0.063
3/27/24	12:08	-0.005	19.228	1	5	11.69	1.68	0.064
3/27/24	12:08	-0.004	19.228	1	5	11.71	1.7	0.065
3/27/24	12:08	0.003	19.228	1	5	11.72	1.72	0.065
3/27/24	12:08	-0.005	19.228	1	5	11.74	1.73	0.066
3/27/24	12:08	0.002	19.228	1	5	11.76	1.75	0.067
3/27/24	12:08	-0.005	19.211	1	5	11.77	1.77	0.067
3/27/24	12:08	0.002	19.211	1	5	11.79	1.78	0.068
3/27/24	12:08	-0.005	19.211	1	5	11.81	1.8	0.068
3/27/24	12:08	-0.004	19.211	1	5	11.82	1.82	0.069
3/27/24	12:08	0.002	19.211	1	5	11.84	1.83	0.07
3/27/24	12:08	0.006	19.211	1	5	11.86	1.85	0.07
3/27/24	12:08	0	19.211	1	5	11.87	1.87	0.071
3/27/24	12:08	0.006	19.195	1	5	11.89	1.88	0.072
3/27/24	12:08	-0.004	19.195	1	5	11.91	1.9	0.072
3/27/24	12:08	-0.003	19.195	1	5	11.92	1.92	0.073
3/27/24	12:08	-0.005	19.195	1	5	11.94	1.93	0.073
3/27/24	12:08	0	19.195	1	5	11.96	1.95	0.074
3/27/24	12:08	0.006	19.195	1	5	11.97	1.97	0.075
3/27/24	12:08	0.004	19.179	1	5	11.99	1.98	0.075
3/27/24	12:08	-0.002	19.179	1	5	12.01	2	0.076
3/27/24	12:08	-0.005	19.179	1	5	12.02	2.02	0.077
3/27/24	12:08	0.001	19.179	1	5	12.04	2.03	0.077
3/27/24	12:08	-0.005	19.162	1	5	12.06	2.05	0.078
3/27/24	12:08	0.006	19.162	1	5	12.07	2.07	0.079
3/27/24	12:08	0.003	19.162	1	5	12.09	2.08	0.079
3/27/24	12:08	0.006	19.162	1	5	12.11	2.1	0.08
3/27/24	12:08	0.001	19.146	1	5	12.12	2.12	0.08
3/27/24	12:08	0.006	19.146	1	5	12.14	2.13	0.081
3/27/24	12:08	0.003	19.146	1	5	12.16	2.15	0.082
3/27/24	12:08	0.003	19.146	1	5	12.17	2.17	0.082
3/27/24	12:08	-0.005	19.13	1	5	12.19	2.18	0.083
3/27/24	12:09	0.001	19.13	1	5	12.21	2.2	0.084
3/27/24	12:09	0.006	19.113	1	5	12.22	2.22	0.084
3/27/24	12:09	-0.001	19.113	1	5	12.24	2.23	0.085
3/27/24	12:09	-0.004	19.097	1	5	12.26	2.25	0.086
3/27/24	12:09	-0.005	19.097	1	5	12.27	2.27	0.086
3/27/24	12:09	-0.003	19.097	1	5	12.29	2.28	0.087
3/27/24	12:09	0.006	19.097	1	5	12.31	2.3	0.087
3/27/24	12:09	-0.001	19.08	1	5	12.32	2.32	0.088
3/27/24	12:09	0.006	19.08	1	5	12.34	2.33	0.089
3/27/24	12:09	0.004	19.08	1	5	12.36	2.35	0.089
3/27/24	12:09	-0.003	19.064	1	5	12.37	2.37	0.09
3/27/24	12:09	-0.005	19.064	1	5	12.39	2.38	0.091
3/27/24	12:09	0.001	19.064	1	5	12.41	2.4	0.091
3/27/24	12:09	-0.006	19.064	1	5	12.42	2.42	0.092
3/27/24	12:09	0.003	19.064	1	5	12.44	2.43	0.092
3/27/24	12:09	0.006	19.048	1	5	12.46	2.45	0.093
3/27/24	12:09	0.004	19.048	1	5	12.47	2.47	0.094
3/27/24	12:09	-0.003	19.048	1	5	12.49	2.48	0.094
3/27/24	12:09	-0.005	19.048	1	5	12.51	2.5	0.095
3/27/24	12:09	0.001	19.048	1	5	12.52	2.52	0.096
3/27/24	12:09	0.006	19.048	1	5	12.54	2.53	0.096
3/27/24	12:09	0	19.031	1	5	12.56	2.55	0.097
3/27/24	12:09	0.006	19.031	1	5	12.57	2.57	0.098
3/27/24	12:09	-0.004	19.031	1	5	12.59	2.58	0.098
3/27/24	12:09	-0.004	19.031	1	5	12.61	2.6	0.099
3/27/24	12:09	-0.004	19.031	1	5	12.62	2.62	0.099
3/27/24	12:09	0.002	19.031	1	5	12.64	2.63	0.1
3/27/24	12:09	0.006	19.031	1	5	12.66	2.65	0.101
3/27/24	12:09	0	19.031	1	5	12.67	2.67	0.101
3/27/24	12:09	-0.005	19.031	1	5	12.69	2.68	0.102
3/27/24	12:09	0.001	19.015	1	5	12.71	2.7	0.103
3/27/24	12:09	0.005	19.015	1	5	12.72	2.72	0.103
3/27/24	12:09	-0.002	19.015	1	5	12.74	2.73	0.104
3/27/24	12:09	0.006	19.015	1	5	12.76	2.75	0.105
3/27/24	12:09	0.004	19.015	1	5	12.77	2.77	0.105
3/27/24	12:09	0.005	19.015	1	5	12.79	2.78	0.106
3/27/24	12:09	-0.005	19.015	1	5	12.81	2.8	0.106
3/27/24	12:09	0.002	19.015	1	5	12.82	2.82	0.107
3/27/24	12:09	-0.005	19.015	1	5	12.84	2.83	0.108
3/27/24	12:09	0.002	19.015	1	5	12.86	2.85	0.108
3/27/24	12:09	0.006	19.015	1	5	12.87	2.87	0.109
3/27/24	12:09	0.001	19.015	1	5	12.89	2.88	0.11
3/27/24	12:09	-0.005	19.015	1	5	12.91	2.9	0.11
3/27/24	12:09	-0.002	19.015	1	5	12.92	2.92	0.111
3/27/24	12:09	-0.005	19.015	1	5	12.94	2.93	0.111
3/27/24	12:09	-0.003	19.015	1	5	12.96	2.95	0.112
3/27/24	12:09	0.005	19.015	1	5	12.97	2.97	0.113
3/27/24	12:09	0.005	19.015	1	5	12.99	2.98	0.113
3/27/24	12:09	-0.003	19.015	1	5	13.01	3	0.114
3/27/24	12:09	-0.006	19.015	1	5	13.02	3.02	0.115
3/27/24	12:09	0	19.015	1	5	13.04	3.03	0.115
3/27/24	12:09	0.006	19.015	1	5	13.06	3.05	0.116
3/27/24	12:09	-0.001	19.015	1	5	13.07	3.07	0.117
3/27/24	12:09	-0.004	19.015	1	5	13.09	3.08	0.117
3/27/24	12:09	0.005	19.015	1	5	13.11	3.1	0.118
3/27/24	12:09	-0.002	19.015	1	5	13.12	3.12	0.118
3/27/24	12:09	0.006	19.015	1	5	13.14	3.13	0.119
3/27/24	12:09	0	19.015	1	5	13.16	3.15	0.12
3/27/24	12:09	0.006	19.015	1	5	13.17	3.17	0.12
3/27/24	12:09	-0.002	19.015	1	5	13.19	3.18	0.121
3/27/24	12:10	-0.004	19.015	1	5	13.21	3.2	0.122
3/27/24	12:10	-0.005	19.015	1	5	13.22	3.22	0.122
3/27/24	12:10	-0.003	19.015	1	5	13.24	3.23	0.123
3/27/24	12:10	0.006	19.015	1	5	13.26	3.25	0.123
3/27/24	12:10	0.001	19.015	1	5	13.27	3.27	0.124
3/27/24	12:10	0.006	19.031	1	5	13.29	3.28	0.125
3/27/24	12:10	0.003	19.031	1	5	13.31	3.3	0.125
3/27/24	12:10	-0.004	19.031	1	5	13.32	3.32	0.126
3/27/24	12:10	-0.004	19.031	1	5	13.34	3.33	0.127
3/27/24	12:10	0.002	19.031	1	5	13.36	3.35	0.127
3/27/24	12:10	-0.005	19.031	1	5	13.37	3.37	0.128
3/27/24	12:10	0.001	19.031	1	5	13.39	3.38	0.129
3/27/24	12:10	0.006	19.031	1	5	13.41	3.4	0.129
3/27/24	12:10	0.002	19.031	1	5	13.42	3.42	0.13
3/27/24	12:10	-0.005	19.031	1	5	13.44	3.43	0.13
3/27/24	12:10	-0.004	19.031	1	5	13.46	3.45	0.131
3/27/24	12:10	0.003	19.031	1	5	13.47	3.47	0.132
3/27/24	12:10	-0.005	19.031	1	5	13.49	3.48	0.132
3/27/24	12:10	0	19.031	1	5	13.51	3.5	0.133
3/27/24	12:10	0.006	19.031	1	5	13.52	3.52	0.134
3/27/24	12:10	0.002	19.031	1	5	13.54	3.53	0.134
3/27/24	12:10	-0.005	19.031	1	5	13.56	3.55	0.135
3/27/24	12:10	-0.004	19.031	1	5	13.57	3.57	0.136
3/27/24	12:10	0.004	19.031	1	5	13.59	3.58	0.136
3/27/24	12:10	-0.005	19.031	1	5	13.61	3.6	0.137
3/27/24	12:10	0	19.031	1	5	13.62	3.62	0.137
3/27/24	12:10	-0.005	19.031	1	5	13.64	3.63	0.138
3/27/24	12:10	0.001	19.031	1	5	13.66	3.65	0.139
3/27/24	12:10	-0.005	19.031	1	5	13.67	3.67	0.139
3/27/24	12:10	-0.003	19.031	1	5	13.69	3.68	0.14
3/27/24	12:10	0.005	19.031	1	5	13.71	3.7	0.141
3/27/24	12:10	0.005	19.031	1	5	13.72	3.72	0.141
3/27/24	12:10	-0.002	19.031	1	5	13.74	3.73	0.142
3/27/24	12:10	0.005	19.031	1	5	13.76	3.75	0.142
3/27/24	12:10	0.002	19.031	1	5	13.77	3.77	0.143
3/27/24	12:10	-0.005	19.031	1	5	13.79	3.78	0.144
3/27/24	12:10	0.002	19.031	1	5	13.81	3.8	0.144
3/27/24	12:10	0.006	19.048	1	5	13.82	3.82	0.145
3/27/24	12:10	0	19.048	1	5	13.84	3.83	0.146
3/27/24	12:10	-0.006	19.048	1	5	13.86	3.85	0.146
3/27/24	12:10	-0.001	19.031	1	5	13.87	3.87	0.147
3/27/24	12:10	-0.005	19.031	1	5	13.89	3.88	0.148